{
    "840412061635": [
        [
            -0.0902709197182534,
            -0.9572512632875991,
            0.27481117151148693,
            0.1981365437286268
        ],
        [
            -0.8881185260370463,
            -0.047490009170928826,
            -0.4571544407951529,
            0.07562312131181592
        ],
        [
            0.4506624510240502,
            -0.28533264440515804,
            -0.8458656141927955,
            1.694185405376692
        ],
        [
            0.0,
            0.0,
            0.0,
            1.0
        ]
    ],
    "839512060403": [
        [
            -0.009806378911302205,
            -0.9979488661796831,
            -0.06326053606580634,
            0.258141223802118
        ],
        [
            0.4875572751463153,
            -0.06000585608247952,
            0.8710265212309607,
            0.10707397850136732
        ],
        [
            -0.8730359318977361,
            -0.02230151847955536,
            0.48714567009156307,
            1.7711651823065415
        ],
        [
            0.0,
            0.0,
            0.0,
            1.0
        ]
    ],
    "907222061704": [
        [
            -0.04254987079268413,
            -0.9950547495692562,
            0.08975273731308203,
            0.22115086802471573
        ],
        [
            -0.7856648092567319,
            -0.022169782201665877,
            -0.6182550511340075,
            -0.19378194599178186
        ],
        [
            0.6171874237143118,
            -0.0968222397840286,
            -0.7808361786521516,
            1.7206557007272565
        ],
        [
            0.0,
            0.0,
            0.0,
            1.0
        ]
    ],
    "907222061932": [
        [
            0.9996945957623946,
            -0.00410457747794566,
            0.024369399811831144,
            -0.052334204331786996
        ],
        [
            -0.008902935065468236,
            -0.9797133170663435,
            0.20020627889774703,
            0.10704912322780485
        ],
        [
            0.023053263341258012,
            -0.20036209423588572,
            -0.9794506512544309,
            1.5521845353522863
        ],
        [
            0.0,
            0.0,
            0.0,
            1.0
        ]
    ],
    "840412060890": [
        [
            -0.05893716416084349,
            -0.9954487305629482,
            0.07488815327735338,
            0.43823308307532594
        ],
        [
            0.6235460094350713,
            -0.09529373796886531,
            -0.7759571364589148,
            0.011353331082656041
        ],
        [
            0.7795619185146716,
            0.0009634959967987355,
            0.6263244262179052,
            1.869073573065038
        ],
        [
            0.0,
            0.0,
            0.0,
            1.0
        ]
    ],
    "907222062762": [
        [
            0.27532613383539073,
            -0.9284231727137751,
            0.24945126256514358,
            0.023488550912423814
        ],
        [
            -0.7776271060650322,
            -0.06251662524248058,
            0.6256099067959316,
            -0.07174296901861128
        ],
        [
            -0.5652358834505993,
            -0.36622682034004417,
            -0.7391794857295768,
            1.8026378530232108
        ],
        [
            0.0,
            0.0,
            0.0,
            1.0
        ]
    ],
    "907222062390": [
        [
            0.1383430617866418,
            -0.9884587246587667,
            0.06172962742040433,
            0.04755814809320725
        ],
        [
            -0.6291439178460533,
            -0.03957492134409313,
            0.77628071999627,
            0.1128403710512969
        ],
        [
            -0.7648785053149396,
            -0.146229871252673,
            -0.6273577104496371,
            1.9058906549658576
        ],
        [
            0.0,
            0.0,
            0.0,
            1.0
        ]
    ],
    "924322063937": [
        [
            -0.995196697708458,
            -0.08826157822908232,
            0.04234886868254872,
            0.1185723181964212
        ],
        [
            0.07260501210120171,
            -0.9556329751708283,
            -0.28547176565106275,
            0.000995973657065128
        ],
        [
            0.06566616395042826,
            -0.2810258183417718,
            0.9574510140667112,
            1.1724292167568704
        ],
        [
            0.0,
            0.0,
            0.0,
            1.0
        ]
    ]
}